Owner=Nestor_Cuneoo
Owned=1
Locked=0
Price=4925
PosX=1247.829589
PosY=-1560.409790
PosZ=13.555585
UID=2
