Key=1234
Level=2
JDS=1024
EF=0
Ayudante=0
ConnectedTime=2
Registered=1
Sex=1
Age=30
Origin=1
Walk=2
Respect=2
Money=980
Bank=0
Kills=0
Deaths=0
asaltarbanco=0
Arrested=0
LottoNr=0
Job=0
Contract=0
Jailed=0
JailTime=0
Materials=0
Drugs=0
Speed=0
Ectasy=0
Ritalin=0
Heroina=0
Marihuana=0
Leader=1
Member=0
Rank=8
Char=283
pHealth=222.0
pArmour=0.0
Int=0
Team=3
Model=135
PhoneNr=0
Car=9999
Car2=9999
House=9999
Bizz=255
Pos_x=1482.2
Pos_y=1732.5
Pos_z=10.8
CarLic=0
FlyLic=0
BoatLic=0
GunLic=0
Gafas=0
Tutorial=1
Antecedente1=None
Antecedente2=None
Antecedente3=None
Note1=None
Note1s=0
Note2=None
Note2s=0
Note3=None
Note3s=0
SMS1=Vacío
SMS2=Vacío
SMS3=Vacío
SMS4=Vacío
SMS5=Vacío
InvWeapon=0
InvAmmo=0
Lighter=0
Cigarettes=0
Hachis=0
Papel=0
Locked=0
Locked=0
Locked=0
Weapon=0
Ammo=0
Weapon2=0
Ammo2=0
Weapon3=0
Ammo3=0
Weapon4=0
Ammo4=0
Weapon5=0
Ammo5=0
Weapon6=0
Ammo6=0
Weapon7=0
Ammo7=0
Weapon8=0
Ammo8=0
Weapon9=0
Ammo9=0
Weapon10=0
Ammo10=0
Weapon11=0
Ammo11=0
Weapon12=0
Ammo12=0
GPS=0
Maleta=0
Mochila=0
Casco=0
SIDA=0
Cancer=0
Epilepsia=0
Dengue=0
DEagle=999
Shotgun=999
MP5=999
AK47=999
M4=999
Sniper=999
FStyle=4
Painkiller=0
Leccion=0
Busqueda=0
AntiSIDA=0
AntiCancer=0
AntiEpilepsia=0
Rent=0
prMoney=0
prTime=0
prPay=0
Rob=0
Clothes1=0
Clothes2=0
Clothes3=0
Clothes4=0
Clothes5=0
Donate=0
CarPremium=9999
BanDuda=0
Pasaporte=0
Seguro=0
Walkie=0
Suciedad=0
Hizo=2
Head=0
GSocial=0
Entered=1
CarPremium2=9999
EP=0
House2=9999
Youtuber=0
Proteccion=0
CheatWeapon=0
BanTemporal=0
ResetAdmin=0
DudasAceptadas=0
ReportesAtendidos=0
Solicitudes=0
pt0ModelID=0
pt0Bone=0
pt0PosX=0.00000
pt0PosY=0.00000
pt0PosZ=0.00000
pt0RotX=0.00000
pt0RotY=0.00000
pt0RotZ=0.00000
pt1ModelID=0
pt1Bone=0
pt1PosX=0.00000
pt1PosY=0.00000
pt1PosZ=0.00000
pt1RotX=0.00000
pt1RotY=0.00000
pt1RotZ=0.00000
pt2ModelID=0
pt2Bone=0
pt2PosX=0.00000
pt2PosY=0.00000
pt2PosZ=0.00000
pt2RotX=0.00000
pt2RotY=0.00000
pt2RotZ=0.00000
pt3ModelID=0
pt3Bone=0
pt3PosX=0.00000
pt3PosY=0.00000
pt3PosZ=0.00000
pt3RotX=0.00000
pt3RotY=0.00000
pt3RotZ=0.00000
pt4ModelID=0
pt4Bone=0
pt4PosX=0.00000
pt4PosY=0.00000
pt4PosZ=0.00000
pt4RotX=0.00000
pt4RotY=0.00000
pt4RotZ=0.00000
pt5ModelID=0
pt5Bone=0
pt5PosX=0.00000
pt5PosY=0.00000
pt5PosZ=0.00000
pt5RotX=0.00000
pt5RotY=0.00000
pt5RotZ=0.00000
pt6ModelID=0
pt6Bone=0
pt6PosX=0.00000
pt6PosY=0.00000
pt6PosZ=0.00000
pt6RotX=0.00000
pt6RotY=0.00000
pt6RotZ=0.00000
pt7ModelID=0
pt7Bone=0
pt7PosX=0.00000
pt7PosY=0.00000
pt7PosZ=0.00000
pt7RotX=0.00000
pt7RotY=0.00000
pt7RotZ=0.00000
pt8ModelID=0
pt8Bone=0
pt8PosX=0.00000
pt8PosY=0.00000
pt8PosZ=0.00000
pt8RotX=0.00000
pt8RotY=0.00000
pt8RotZ=0.00000
pt9ModelID=0
pt9Bone=0
pt9PosX=0.00000
pt9PosY=0.00000
pt9PosZ=0.00000
pt9RotX=0.00000
pt9RotY=0.00000
pt9RotZ=0.00000
