vModel=451
vX=633.683410
vY=-1208.330932
vZ=17.813062
vA=155.259872
vC1=0
vC2=0
vPJ=0
vModSlot1=0
vModSlot2=0
vModSlot3=0
vModSlot4=0
vModSlot5=0
vModSlot6=0
vModSlot7=0
vModSlot8=0
vModSlot9=0
vModSlot10=0
vLocked=0
vModSlot0=0
vModSlot11=0
vModSlot12=0
vModSlot13=0
